wall 0s; seeds/regime=100; patched (announce-first) harness; deltas paired by seed within warm-up length

=== ab: v13 - v3 ===
  wu    regime |   meanA   meanB |   dMean    SE | winsA winsB |  rkA  rkB |   p10A   p10B | bkA bkB | negA negB | dNeg W>L
  15 calm_dumb |   244.0   243.5 |    0.54  6.13 |    84    89 | 1.20 1.14 |  107.3  124.8 |   0   0 |    1    1 | 43 1
  15     mixed |    72.0    73.6 |   -1.60  3.47 |    57    57 | 1.85 1.88 |   -8.8   -9.7 |   0   0 |   21   23 | 52 8
  15     toxic |     9.9    12.0 |   -2.15  1.85 |    30    31 | 2.50 2.46 |  -19.2  -18.5 |   0   0 |   57   56 | 48 8
  20 calm_dumb |   262.3   247.8 |   14.50  5.26 |    91    82 | 1.11 1.25 |  120.1   99.8 |   0   0 |    0    2 | 35 0
  20     mixed |    95.5    90.4 |    5.07  4.05 |    67    62 | 1.58 1.75 |   -3.0   -4.8 |   0   0 |   11   13 | 45 3
  20     toxic |    15.1    13.4 |    1.64  2.41 |    37    35 | 2.33 2.47 |  -14.8  -16.2 |   0   1 |   52   52 | 37 11
  25 calm_dumb |   232.2   239.3 |   -7.07  3.02 |    83    84 | 1.25 1.21 |  108.4  113.2 |   0   0 |    1    0 | 67 1
  25     mixed |    68.2    79.1 |  -10.90  3.45 |    58    63 | 1.81 1.72 |   -5.1   -3.5 |   0   0 |   15   15 | 57 2
  25     toxic |     5.0     6.7 |   -1.69  1.73 |    30    29 | 2.60 2.56 |  -19.8  -19.9 |   0   0 |   61   60 | 46 6
  30 calm_dumb |   248.1   256.3 |   -8.11  3.36 |    84    86 | 1.19 1.14 |  120.2  137.7 |   0   0 |    0    0 | 63 0
  30     mixed |    78.9    82.8 |   -3.89  2.36 |    65    65 | 1.77 1.79 |   -3.7   -8.5 |   0   0 |   17   19 | 53 3
  30     toxic |     5.2     6.7 |   -1.53  1.66 |    28    30 | 2.50 2.46 |  -17.9  -17.4 |   0   0 |   60   56 | 46 8
  35 calm_dumb |   254.3   259.8 |   -5.48  4.19 |    90    92 | 1.11 1.08 |  121.3  131.9 |   0   0 |    0    0 | 54 0
  35     mixed |    86.9    89.9 |   -3.07  2.69 |    70    70 | 1.65 1.62 |   -6.0   -4.4 |   0   0 |   16   14 | 54 6
  35     toxic |     6.6     7.9 |   -1.26  0.96 |    29    30 | 2.53 2.46 |  -19.9  -19.6 |   0   0 |   59   57 | 50 4
  40 calm_dumb |   248.4   255.3 |   -6.94  2.96 |    91    91 | 1.10 1.11 |   94.7  127.8 |   0   0 |    0    0 | 54 0
  40     mixed |    83.5    89.6 |   -6.08  2.69 |    69    70 | 1.56 1.50 |   -1.4    7.6 |   0   0 |   11    8 | 57 5
  40     toxic |     5.9     6.8 |   -0.91  1.76 |    27    30 | 2.52 2.49 |  -17.7  -17.3 |   0   0 |   55   54 | 54 10
  45 calm_dumb |   258.7   270.4 |  -11.72  4.45 |    86    86 | 1.16 1.15 |  110.3  121.5 |   0   0 |    1    1 | 53 1
  45     mixed |    85.4   102.1 |  -16.71  3.37 |    70    77 | 1.53 1.38 |   -1.8   13.5 |   0   0 |   12    7 | 61 9
  45     toxic |    12.1    13.5 |   -1.40  1.56 |    33    37 | 2.50 2.47 |  -19.9  -19.5 |   0   0 |   56   55 | 51 4
 250 calm_dumb |   283.6   285.4 |   -1.82  3.07 |    96    95 | 1.04 1.05 |  174.8  174.9 |   0   0 |    0    0 | 52 0
 250     mixed |   116.9   120.0 |   -3.11  4.16 |    83    80 | 1.26 1.30 |   19.1   18.3 |   0   0 |    3    4 | 49 1
 250     toxic |    13.1    13.2 |   -0.08  1.92 |    37    35 | 2.27 2.34 |  -10.0  -15.7 |   0   0 |   48   52 | 45 4
   15-45 calm_dumb: dMean   -3.47 ±  1.66 (n=700), wins 609 vs 610, bankrupt 0 vs 0, win->loss 3, identical 0
   15-45     mixed: dMean   -5.31 ±  1.23 (n=700), wins 456 vs 464, bankrupt 0 vs 0, win->loss 36, identical 1
   15-45     toxic: dMean   -1.04 ±  0.66 (n=700), wins 214 vs 222, bankrupt 0 vs 1, win->loss 51, identical 21
     250 calm_dumb: dMean   -1.82 ±  3.07 (n=100), wins 96 vs 95, bankrupt 0 vs 0, win->loss 0, identical 0
     250     mixed: dMean   -3.11 ±  4.16 (n=100), wins 83 vs 80, bankrupt 0 vs 0, win->loss 1, identical 1
     250     toxic: dMean   -0.08 ±  1.92 (n=100), wins 37 vs 35, bankrupt 0 vs 0, win->loss 4, identical 6

=== ramp: v13 - v13nr ===
  wu    regime |   meanA   meanB |   dMean    SE | winsA winsB |  rkA  rkB |   p10A   p10B | bkA bkB | negA negB | dNeg W>L
  15 calm_dumb |   244.0   244.5 |   -0.43  2.06 |    84    85 | 1.20 1.19 |  107.3  111.2 |   0   0 |    1    1 | 34 0
  15     mixed |    72.0    71.8 |    0.20  0.87 |    57    59 | 1.85 1.81 |   -8.8   -9.3 |   0   0 |   21   20 | 25 1
  15     toxic |     9.9    10.2 |   -0.29  0.41 |    30    31 | 2.50 2.49 |  -19.2  -19.2 |   0   0 |   57   55 | 16 2
  20 calm_dumb |   262.3   265.0 |   -2.71  1.71 |    91    90 | 1.11 1.12 |  120.1  130.4 |   0   0 |    0    0 | 32 0
  20     mixed |    95.5    95.7 |   -0.23  1.14 |    67    65 | 1.58 1.61 |   -3.0   -3.1 |   0   0 |   11   12 | 28 0
  20     toxic |    15.1    14.2 |    0.87  0.65 |    37    38 | 2.33 2.33 |  -14.8  -14.8 |   0   0 |   52   52 | 13 0
  25 calm_dumb |   232.2   231.2 |    0.98  1.31 |    83    84 | 1.25 1.24 |  108.4  111.9 |   0   0 |    1    1 | 24 0
  25     mixed |    68.2    69.4 |   -1.18  1.50 |    58    61 | 1.81 1.79 |   -5.1   -5.1 |   0   0 |   15   16 | 28 0
  25     toxic |     5.0     4.7 |    0.29  0.21 |    30    29 | 2.60 2.61 |  -19.8  -19.8 |   0   0 |   61   62 | 10 0
  30 calm_dumb |   248.1   248.0 |    0.17  1.52 |    84    85 | 1.19 1.18 |  120.2  119.8 |   0   0 |    0    0 | 37 0
  30     mixed |    78.9    80.3 |   -1.37  0.86 |    65    65 | 1.77 1.77 |   -3.7   -6.3 |   0   0 |   17   16 | 28 1
  30     toxic |     5.2     5.5 |   -0.35  0.24 |    28    29 | 2.50 2.48 |  -17.9  -17.9 |   0   0 |   60   60 | 11 0
  35 calm_dumb |   254.3   255.2 |   -0.86  1.32 |    90    90 | 1.11 1.11 |  121.3  119.6 |   0   0 |    0    0 | 30 0
  35     mixed |    86.9    88.1 |   -1.28  1.55 |    70    70 | 1.65 1.65 |   -6.0   -6.0 |   0   0 |   16   16 | 25 0
  35     toxic |     6.6     6.8 |   -0.19  0.21 |    29    29 | 2.53 2.53 |  -19.9  -19.9 |   0   0 |   59   59 | 8 0
  40 calm_dumb |   248.4   251.0 |   -2.60  1.59 |    91    91 | 1.10 1.12 |   94.7   96.5 |   0   0 |    0    0 | 36 0
  40     mixed |    83.5    84.4 |   -0.86  1.22 |    69    69 | 1.56 1.55 |   -1.4   -1.4 |   0   0 |   11   11 | 32 0
  40     toxic |     5.9     6.0 |   -0.16  0.14 |    27    27 | 2.52 2.52 |  -17.7  -17.7 |   0   0 |   55   55 | 12 0
  45 calm_dumb |   258.7   261.2 |   -2.55  2.85 |    86    87 | 1.16 1.15 |  110.3  116.8 |   0   0 |    1    1 | 25 0
  45     mixed |    85.4    87.5 |   -2.08  1.05 |    70    71 | 1.53 1.49 |   -1.8    6.8 |   0   0 |   12   10 | 29 2
  45     toxic |    12.1    12.6 |   -0.50  0.44 |    33    34 | 2.50 2.48 |  -19.9  -19.9 |   0   0 |   56   55 | 9 1
 250 calm_dumb |   283.6   284.0 |   -0.39  1.28 |    96    96 | 1.04 1.04 |  174.8  175.0 |   0   0 |    0    0 | 25 0
 250     mixed |   116.9   115.6 |    1.33  0.93 |    83    83 | 1.26 1.26 |   19.1   20.4 |   0   0 |    3    3 | 28 0
 250     toxic |    13.1    13.2 |   -0.09  0.38 |    37    37 | 2.27 2.27 |  -10.0  -10.0 |   0   0 |   48   48 | 13 0
   15-45 calm_dumb: dMean   -1.14 ±  0.69 (n=700), wins 609 vs 612, bankrupt 0 vs 0, win->loss 0, identical 152
   15-45     mixed: dMean   -0.97 ±  0.45 (n=700), wins 456 vs 460, bankrupt 0 vs 0, win->loss 4, identical 270
   15-45     toxic: dMean   -0.05 ±  0.14 (n=700), wins 214 vs 217, bankrupt 0 vs 0, win->loss 3, identical 561
     250 calm_dumb: dMean   -0.39 ±  1.28 (n=100), wins 96 vs 96, bankrupt 0 vs 0, win->loss 0, identical 20
     250     mixed: dMean   +1.33 ±  0.93 (n=100), wins 83 vs 83, bankrupt 0 vs 0, win->loss 0, identical 26
     250     toxic: dMean   -0.09 ±  0.38 (n=100), wins 37 vs 37, bankrupt 0 vs 0, win->loss 0, identical 79

=== bankruptcies per arm ===
  v3: total 1 / 2400  (15-45 days: 1 / 2100)
  v13: total 0 / 2400  (15-45 days: 0 / 2100)
  v13nr: total 0 / 2400  (15-45 days: 0 / 2100)
