seeds/regime=100; deltas are paired (same seed => same world within a warm-up length)

=== v13 - v3 (OOS A/B) ===
  wu    regime |   meanA   meanB |   dMean    SE | winsA winsB |  rkA  rkB |   p10A   p10B | bkA bkB | negA negB | dNeg
  15 calm_dumb |   232.1   235.0 |   -2.96  5.96 |    84    87 | 1.22 1.16 |   90.9  115.8 |   0   0 |    1    0 | 49
  15     mixed |    68.3    71.8 |   -3.57  3.74 |    56    57 | 1.86 1.91 |   -7.6   -8.8 |   0   0 |   22   26 | 52
  15     toxic |     9.9    10.8 |   -0.92  1.75 |    33    31 | 2.54 2.51 |  -19.3  -18.6 |   0   0 |   57   60 | 41
  20 calm_dumb |   257.5   243.1 |   14.40  4.67 |    91    84 | 1.12 1.23 |  120.1   97.9 |   0   0 |    0    2 | 33
  20     mixed |    89.6    85.2 |    4.36  4.13 |    64    60 | 1.60 1.80 |   -3.6   -7.6 |   0   0 |   12   16 | 46
  20     toxic |    13.1    12.2 |    0.98  2.20 |    36    33 | 2.35 2.46 |  -14.3  -16.2 |   0   0 |   54   51 | 42
  25 calm_dumb |   222.9   233.2 |  -10.28  3.15 |    84    85 | 1.23 1.20 |  103.0  109.5 |   0   0 |    2    0 | 66
  25     mixed |    65.0    74.2 |   -9.26  3.56 |    57    61 | 1.80 1.75 |   -6.0   -3.1 |   0   0 |   16   17 | 52
  25     toxic |     3.8     6.9 |   -3.06  1.83 |    31    28 | 2.58 2.57 |  -19.4  -19.8 |   0   0 |   63   62 | 48
  30 calm_dumb |   243.4   251.1 |   -7.66  3.25 |    84    86 | 1.19 1.18 |  105.1  132.3 |   0   0 |    1    0 | 60
  30     mixed |    75.5    76.6 |   -1.08  2.39 |    63    66 | 1.78 1.78 |   -4.7   -6.3 |   0   0 |   16   19 | 46
  30     toxic |     5.5     7.1 |   -1.57  1.55 |    30    37 | 2.46 2.36 |  -18.1  -17.4 |   0   0 |   57   55 | 52
  35 calm_dumb |   249.6   258.9 |   -9.35  4.23 |    89    93 | 1.12 1.07 |  113.6  132.0 |   0   0 |    0    0 | 61
  35     mixed |    86.1    90.1 |   -3.98  2.26 |    68    68 | 1.60 1.60 |   -5.0   -4.2 |   0   0 |   13   14 | 51
  35     toxic |     5.7     7.7 |   -1.99  1.10 |    26    29 | 2.56 2.51 |  -19.9  -19.4 |   0   0 |   59   57 | 48
  40 calm_dumb |   246.3   250.3 |   -4.07  3.19 |    92    90 | 1.10 1.11 |  101.5  115.6 |   0   0 |    0    0 | 56
  40     mixed |    78.3    85.7 |   -7.42  2.58 |    65    67 | 1.64 1.57 |   -5.1    0.9 |   0   0 |   14    9 | 57
  40     toxic |     5.9     5.9 |    0.06  1.64 |    25    27 | 2.53 2.51 |  -17.7  -17.6 |   0   0 |   58   58 | 53
  45 calm_dumb |   253.4   262.4 |   -8.99  4.28 |    85    86 | 1.16 1.14 |  107.8  118.6 |   0   0 |    1    0 | 57
  45     mixed |    80.0    94.2 |  -14.16  3.77 |    66    74 | 1.58 1.41 |   -1.7   11.2 |   0   0 |   12    5 | 59
  45     toxic |    12.9    12.1 |    0.87  1.60 |    32    35 | 2.49 2.50 |  -18.3  -19.3 |   0   0 |   57   57 | 40
 250 calm_dumb |   274.8   277.9 |   -3.06  3.46 |    95    94 | 1.05 1.06 |  163.6  171.0 |   0   0 |    0    0 | 57
 250     mixed |   107.8   111.3 |   -3.49  4.25 |    79    79 | 1.35 1.35 |   10.9   10.9 |   0   0 |    6    5 | 49
 250     toxic |    11.6    11.5 |    0.12  1.55 |    37    34 | 2.31 2.40 |  -12.2  -16.0 |   0   0 |   50   55 | 48
  15-45 pooled calm_dumb: dMean   -4.13 ±  1.61 (n=700), wins 609 vs 611, bankrupt 0 vs 0
  15-45 pooled     mixed: dMean   -5.01 ±  1.25 (n=700), wins 439 vs 453, bankrupt 0 vs 0
  15-45 pooled     toxic: dMean   -0.80 ±  0.64 (n=700), wins 213 vs 220, bankrupt 0 vs 0
           250 calm_dumb: dMean   -3.06 ±  3.46 (n=100), wins 95 vs 94, bankrupt 0 vs 0
           250     mixed: dMean   -3.49 ±  4.25 (n=100), wins 79 vs 79, bankrupt 0 vs 0
           250     toxic: dMean   +0.12 ±  1.55 (n=100), wins 37 vs 34, bankrupt 0 vs 0

=== v13 - v13(no ramp) (ramp isolation) ===
  wu    regime |   meanA   meanB |   dMean    SE | winsA winsB |  rkA  rkB |   p10A   p10B | bkA bkB | negA negB | dNeg
  15 calm_dumb |   232.1   233.7 |   -1.57  2.38 |    84    85 | 1.22 1.19 |   90.9  106.9 |   0   0 |    1    1 | 40
  15     mixed |    68.3    68.4 |   -0.09  0.86 |    56    57 | 1.86 1.87 |   -7.6   -6.2 |   0   0 |   22   22 | 33
  15     toxic |     9.9    10.1 |   -0.19  0.22 |    33    33 | 2.54 2.54 |  -19.3  -19.3 |   0   0 |   57   57 | 16
  20 calm_dumb |   257.5   260.3 |   -2.88  2.24 |    91    90 | 1.12 1.13 |  120.1  118.8 |   0   0 |    0    0 | 32
  20     mixed |    89.6    91.6 |   -2.09  1.17 |    64    65 | 1.60 1.60 |   -3.6   -3.6 |   0   0 |   12   12 | 35
  20     toxic |    13.1    13.2 |   -0.12  0.17 |    36    38 | 2.35 2.33 |  -14.3  -14.3 |   0   0 |   54   54 | 12
  25 calm_dumb |   222.9   222.8 |    0.09  1.54 |    84    84 | 1.23 1.23 |  103.0  103.0 |   0   0 |    2    2 | 27
  25     mixed |    65.0    65.0 |   -0.02  0.83 |    57    58 | 1.80 1.77 |   -6.0   -5.5 |   0   0 |   16   15 | 25
  25     toxic |     3.8     4.0 |   -0.22  0.32 |    31    30 | 2.58 2.58 |  -19.4  -19.4 |   0   0 |   63   64 | 15
  30 calm_dumb |   243.4   243.5 |   -0.10  1.67 |    84    86 | 1.19 1.17 |  105.1  111.7 |   0   0 |    1    1 | 33
  30     mixed |    75.5    76.1 |   -0.55  0.49 |    63    64 | 1.78 1.76 |   -4.7   -5.4 |   0   0 |   16   16 | 27
  30     toxic |     5.5     5.8 |   -0.27  0.23 |    30    31 | 2.46 2.45 |  -18.1  -18.1 |   0   0 |   57   57 | 10
  35 calm_dumb |   249.6   251.2 |   -1.57  1.41 |    89    89 | 1.12 1.12 |  113.6  111.9 |   0   0 |    0    0 | 30
  35     mixed |    86.1    88.3 |   -2.20  1.61 |    68    68 | 1.60 1.60 |   -5.0   -5.0 |   0   0 |   13   13 | 29
  35     toxic |     5.7     6.1 |   -0.38  0.56 |    26    26 | 2.56 2.58 |  -19.9  -19.9 |   0   0 |   59   59 | 6
  40 calm_dumb |   246.3   246.1 |    0.18  1.58 |    92    91 | 1.10 1.11 |  101.5   94.7 |   0   0 |    0    0 | 32
  40     mixed |    78.3    79.7 |   -1.41  1.52 |    65    64 | 1.64 1.64 |   -5.1   -4.7 |   0   0 |   14   14 | 30
  40     toxic |     5.9     6.0 |   -0.04  0.09 |    25    26 | 2.53 2.51 |  -17.7  -17.7 |   0   0 |   58   58 | 10
  45 calm_dumb |   253.4   252.3 |    1.12  2.70 |    85    86 | 1.16 1.15 |  107.8  107.8 |   0   0 |    1    1 | 24
  45     mixed |    80.0    82.3 |   -2.26  0.90 |    66    68 | 1.58 1.54 |   -1.7   -0.6 |   0   0 |   12   11 | 32
  45     toxic |    12.9    13.4 |   -0.50  0.44 |    32    33 | 2.49 2.47 |  -18.3  -18.3 |   0   0 |   57   56 | 9
 250 calm_dumb |   274.8   276.6 |   -1.75  1.82 |    95    95 | 1.05 1.05 |  163.6  169.2 |   0   0 |    0    0 | 34
 250     mixed |   107.8   105.0 |    2.86  1.99 |    79    79 | 1.35 1.37 |   10.9   10.9 |   0   0 |    6    6 | 24
 250     toxic |    11.6    11.8 |   -0.15  0.16 |    37    37 | 2.31 2.31 |  -12.2  -12.2 |   0   0 |   50   50 | 10
  15-45 pooled calm_dumb: dMean   -0.68 ±  0.75 (n=700), wins 609 vs 611, bankrupt 0 vs 0
  15-45 pooled     mixed: dMean   -1.23 ±  0.42 (n=700), wins 439 vs 444, bankrupt 0 vs 0
  15-45 pooled     toxic: dMean   -0.25 ±  0.12 (n=700), wins 213 vs 217, bankrupt 0 vs 0
           250 calm_dumb: dMean   -1.75 ±  1.82 (n=100), wins 95 vs 95, bankrupt 0 vs 0
           250     mixed: dMean   +2.86 ±  1.99 (n=100), wins 79 vs 79, bankrupt 0 vs 0
           250     toxic: dMean   -0.15 ±  0.16 (n=100), wins 37 vs 37, bankrupt 0 vs 0

=== bankruptcies per arm (all warm-ups x regimes x seeds) ===
  v3: total 0 / 2400  (15-45 days: 0 / 2100)
  v13: total 0 / 2400  (15-45 days: 0 / 2100)
  v13nr: total 0 / 2400  (15-45 days: 0 / 2100)
